### COMMAND
vmstat 1 5

### OUTPUT
procs -----------memory---------- ---swap-- -----io---- -system-- -------cpu-------
 r  b   swpd  libre   búf caché   si   so    bi    bo   in   cs us sy id wa st gu
 1  0      0 9352520 181392 2129984    0    0   690   108  755    2  6  1 93  0  0  0
 1  0      0 9372588 181392 2117628    0    0     0     0 1510 3622 14  1 85  0  0  0
 1  0      0 9372588 181392 2116844    0    0     0     0 1255 3171 11  1 89  0  0  0
 1  0      0 9372348 181392 2116772    0    0     0     0 1205 3139 11  2 87  0  0  0
 1  0      0 9372348 181400 2116772    0    0     0   120 1123 3104 10  1 89  0  0  0
