### COMMAND
vmstat 1 5

### OUTPUT
procs -----------memory---------- ---swap-- -----io---- -system-- -------cpu-------
 r  b   swpd  libre   búf caché   si   so    bi    bo   in   cs us sy id wa st gu
 1  0      0 9155880 178856 2113352    0    0   692   108  707    1  6  1 93  0  0  0
 9  0      0 9150780 178856 2112376    0    0     0     0 6044 7743 82  4 15  0  0  0
 0  0      0 9199192 178856 2111184    0    0     0     0 7557 8878 54  4 42  0  0  0
 1  0      0 9209392 178856 2106876    0    0     0     0 3309 8555 22  4 74  0  0  0
 5  0      0 9211372 178868 2106708    0    0     0   672 3357 8557 22  3 75  0  0  0
